// Red Grade (RR RG RB RA)  Green Grade (GR GG GB GA)  Blue Grade (BR BG BB BA)
// RR   RG    RB    RA     GG    GG    GB     GA    BR    BG    BB    BA

// WEATHER_EXTRASUNNY_LA
2.124 0.000 0.000 -0.007 0.000 2.124 0.000 -0.007 0.000 0.000 2.124 -0.007 // 12 AM
2.062 0.000 0.000 -0.003 0.000 2.065 0.000 -0.004 0.000 0.000 2.065 -0.004  // 1 AM
2.000 0.000 0.000 0.000 0.000 2.007 0.000 -0.002 0.000 0.000 2.007 -0.002  // 2 AM
1.938 0.000 0.000 0.004 0.000 1.948 0.000 0.001 0.000 0.000 1.948 0.001 // 3 AM
1.793 0.000 0.000 0.013 0.000 1.812 0.000 0.008 0.000 0.000 1.812 0.008  // 4 AM
1.649 0.000 0.000 0.023 0.000 1.675 0.000 0.015 0.000 0.000 1.675 0.015  // 5 AM
1.504 0.000 0.000 0.032 0.000 1.539 0.000 0.022 0.000 0.000 1.539 0.022 // 6 AM
1.633 0.000 0.000 0.026 0.000 1.655 0.000 0.016 0.000 0.000 1.673 0.014  // 7 AM
1.761 0.000 0.000 0.021 0.000 1.772 0.000 0.011 0.000 0.000 1.808 0.007  // 8 AM
1.890 0.000 0.000 0.015 0.000 1.888 0.000 0.005 0.000 0.000 1.942 -0.001 // 9 AM
2.084 0.000 0.000 0.007 0.000 2.063 0.000 -0.003 0.000 0.000 2.144 -0.012  // 10 AM
2.277 0.000 0.000 -0.002 0.000 2.237 0.000 -0.012 0.000 0.000 2.345 -0.024  // 11 AM
2.471 0.000 0.000 -0.010 0.000 2.412 0.000 -0.020 0.000 0.000 2.547 -0.035 // 12 PM
2.392 0.000 0.000 -0.015 0.000 2.297 0.000 -0.019 0.000 0.000 2.431 -0.041  // 1 PM
2.312 0.001 0.001 -0.020 0.000 2.182 0.000 -0.019 0.000 0.000 2.314 -0.047  // 2 PM
2.233 0.001 0.001 -0.025 -0.000 2.067 0.000 -0.018 0.000 0.000 2.198 -0.053 // 3 PM
2.114 0.001 0.001 -0.033 -0.000 1.895 0.000 -0.017 0.000 0.000 2.023 -0.062  // 4 PM
1.996 0.002 0.002 -0.041 -0.001 1.722 0.001 -0.017 0.000 0.000 1.849 -0.070  // 5 PM
1.877 0.002 0.002 -0.049 -0.001 1.550 0.001 -0.016 0.000 0.000 1.674 -0.079 // 6 PM
1.935 0.001 0.001 -0.039 -0.001 1.684 0.001 -0.014 0.000 0.000 1.779 -0.062  // 7 PM
1.992 0.001 0.001 -0.030 -0.000 1.817 0.000 -0.012 0.000 0.000 1.884 -0.046  // 8 PM
2.050 0.000 0.000 -0.020 -0.000 1.951 0.000 -0.010 0.000 0.000 1.989 -0.029 // 9 PM
2.075 0.000 0.000 -0.016 0.000 2.009 0.000 -0.009 0.000 0.000 2.034 -0.022  // 10 PM
2.099 0.000 0.000 -0.011 0.000 2.066 0.000 -0.008 0.000 0.000 2.079 -0.014  // 11 PM

// WEATHER_SUNNY_LA
2.124 0.000 0.000 -0.007 0.000 2.124 0.000 -0.007 0.000 0.000 2.124 -0.007 // 12 AM
2.062 0.000 0.000 -0.003 0.000 2.065 0.000 -0.004 0.000 0.000 2.065 -0.004  // 1 AM
2.000 0.000 0.000 0.000 0.000 2.007 0.000 -0.002 0.000 0.000 2.007 -0.002  // 2 AM
1.938 0.000 0.000 0.004 0.000 1.948 0.000 0.001 0.000 0.000 1.948 0.001 // 3 AM
1.793 0.000 0.000 0.013 0.000 1.812 0.000 0.008 0.000 0.000 1.812 0.008  // 4 AM
1.649 0.000 0.000 0.023 0.000 1.675 0.000 0.015 0.000 0.000 1.675 0.015  // 5 AM
1.504 0.000 0.000 0.032 0.000 1.539 0.000 0.022 0.000 0.000 1.539 0.022 // 6 AM
1.633 0.000 0.000 0.026 0.000 1.655 0.000 0.016 0.000 0.000 1.673 0.014  // 7 AM
1.761 0.000 0.000 0.021 0.000 1.772 0.000 0.011 0.000 0.000 1.808 0.007  // 8 AM
1.890 0.000 0.000 0.015 0.000 1.888 0.000 0.005 0.000 0.000 1.942 -0.001 // 9 AM
2.084 0.000 0.000 0.007 0.000 2.063 0.000 -0.003 0.000 0.000 2.144 -0.012  // 10 AM
2.277 0.000 0.000 -0.002 0.000 2.237 0.000 -0.012 0.000 0.000 2.345 -0.024  // 11 AM
2.471 0.000 0.000 -0.010 0.000 2.412 0.000 -0.020 0.000 0.000 2.547 -0.035 // 12 PM
2.392 0.000 0.000 -0.015 0.000 2.297 0.000 -0.019 0.000 0.000 2.431 -0.041  // 1 PM
2.312 0.001 0.001 -0.020 0.000 2.182 0.000 -0.019 0.000 0.000 2.314 -0.047  // 2 PM
2.233 0.001 0.001 -0.025 -0.000 2.067 0.000 -0.018 0.000 0.000 2.198 -0.053 // 3 PM
2.114 0.001 0.001 -0.033 -0.000 1.895 0.000 -0.017 0.000 0.000 2.023 -0.062  // 4 PM
1.996 0.002 0.002 -0.041 -0.001 1.722 0.001 -0.017 0.000 0.000 1.849 -0.070  // 5 PM
1.877 0.002 0.002 -0.049 -0.001 1.550 0.001 -0.016 0.000 0.000 1.674 -0.079 // 6 PM
1.935 0.001 0.001 -0.039 -0.001 1.684 0.001 -0.014 0.000 0.000 1.779 -0.062  // 7 PM
1.992 0.001 0.001 -0.030 -0.000 1.817 0.000 -0.012 0.000 0.000 1.884 -0.046  // 8 PM
2.050 0.000 0.000 -0.020 -0.000 1.951 0.000 -0.010 0.000 0.000 1.989 -0.029 // 9 PM
2.075 0.000 0.000 -0.016 0.000 2.009 0.000 -0.009 0.000 0.000 2.034 -0.022  // 10 PM
2.099 0.000 0.000 -0.011 0.000 2.066 0.000 -0.008 0.000 0.000 2.079 -0.014  // 11 PM

// WEATHER_EXTRASUNNY_SMOG_LA
1.667 0.032 0.030 0.060 0.032 1.667 0.030 0.060 0.033 0.033 1.654 0.070 // 12 AM
1.626 0.032 0.030 0.062 0.032 1.628 0.030 0.062 0.033 0.033 1.615 0.072  // 1 AM
1.584 0.032 0.030 0.065 0.032 1.589 0.030 0.063 0.033 0.033 1.576 0.074  // 2 AM
1.543 0.032 0.030 0.067 0.032 1.550 0.030 0.065 0.033 0.033 1.537 0.076 // 3 AM
1.446 0.032 0.030 0.073 0.032 1.459 0.030 0.070 0.033 0.033 1.446 0.080  // 4 AM
1.350 0.032 0.030 0.080 0.032 1.368 0.030 0.074 0.033 0.033 1.355 0.085  // 5 AM
1.253 0.032 0.030 0.086 0.032 1.277 0.030 0.079 0.033 0.033 1.264 0.089 // 6 AM
1.339 0.032 0.030 0.082 0.032 1.355 0.030 0.075 0.033 0.033 1.354 0.084  // 7 AM
1.425 0.032 0.030 0.079 0.032 1.432 0.030 0.072 0.033 0.033 1.443 0.079  // 8 AM
1.511 0.032 0.030 0.075 0.032 1.510 0.030 0.068 0.033 0.033 1.533 0.074 // 9 AM
1.640 0.032 0.030 0.069 0.032 1.626 0.030 0.062 0.033 0.033 1.667 0.066  // 10 AM
1.769 0.032 0.030 0.064 0.032 1.743 0.030 0.057 0.033 0.033 1.802 0.059  // 11 AM
1.898 0.032 0.030 0.058 0.032 1.859 0.030 0.051 0.033 0.033 1.936 0.051 // 12 PM
1.845 0.032 0.030 0.055 0.032 1.782 0.030 0.051 0.033 0.033 1.858 0.047  // 1 PM
1.793 0.033 0.030 0.051 0.032 1.706 0.030 0.052 0.033 0.033 1.781 0.043  // 2 PM
1.740 0.033 0.030 0.048 0.032 1.629 0.030 0.052 0.033 0.033 1.703 0.039 // 3 PM
1.661 0.033 0.030 0.043 0.032 1.514 0.030 0.053 0.033 0.033 1.587 0.033  // 4 PM
1.581 0.033 0.031 0.037 0.031 1.399 0.031 0.053 0.033 0.033 1.470 0.028  // 5 PM
1.502 0.033 0.031 0.032 0.031 1.284 0.031 0.054 0.033 0.033 1.354 0.022 // 6 PM
1.540 0.033 0.031 0.038 0.031 1.373 0.031 0.055 0.033 0.033 1.424 0.033  // 7 PM
1.579 0.032 0.030 0.045 0.032 1.463 0.030 0.057 0.033 0.033 1.494 0.044  // 8 PM
1.617 0.032 0.030 0.051 0.032 1.552 0.030 0.058 0.033 0.033 1.564 0.055 // 9 PM
1.634 0.032 0.030 0.054 0.032 1.590 0.030 0.059 0.033 0.033 1.594 0.060  // 10 PM
1.650 0.032 0.030 0.057 0.032 1.629 0.030 0.059 0.033 0.033 1.624 0.065  // 11 PM

// WEATHER_SUNNY_SMOG_LA
1.514 0.043 0.040 0.082 0.043 1.514 0.040 0.082 0.043 0.043 1.497 0.095 // 12 AM
1.480 0.043 0.040 0.084 0.043 1.482 0.040 0.084 0.043 0.043 1.465 0.097  // 1 AM
1.445 0.043 0.040 0.086 0.043 1.449 0.040 0.085 0.043 0.043 1.432 0.098  // 2 AM
1.411 0.043 0.040 0.088 0.043 1.417 0.040 0.087 0.043 0.043 1.400 0.100 // 3 AM
1.331 0.043 0.040 0.093 0.043 1.341 0.040 0.091 0.043 0.043 1.324 0.104  // 4 AM
1.250 0.043 0.040 0.099 0.043 1.266 0.040 0.094 0.043 0.043 1.248 0.108  // 5 AM
1.170 0.043 0.040 0.104 0.043 1.190 0.040 0.098 0.043 0.043 1.172 0.112 // 6 AM
1.242 0.043 0.040 0.101 0.043 1.255 0.040 0.095 0.043 0.043 1.247 0.108  // 7 AM
1.313 0.043 0.040 0.097 0.043 1.319 0.040 0.092 0.043 0.043 1.321 0.103  // 8 AM
1.385 0.043 0.040 0.094 0.043 1.384 0.040 0.089 0.043 0.043 1.396 0.099 // 9 AM
1.492 0.043 0.040 0.089 0.043 1.481 0.040 0.084 0.043 0.043 1.508 0.093  // 10 AM
1.600 0.043 0.040 0.085 0.043 1.577 0.040 0.080 0.043 0.043 1.620 0.086  // 11 AM
1.707 0.043 0.040 0.080 0.043 1.674 0.040 0.075 0.043 0.043 1.732 0.080 // 12 PM
1.663 0.043 0.040 0.077 0.043 1.610 0.040 0.075 0.043 0.043 1.667 0.077  // 1 PM
1.619 0.043 0.040 0.075 0.043 1.547 0.040 0.076 0.043 0.043 1.603 0.073  // 2 PM
1.575 0.043 0.040 0.072 0.043 1.483 0.040 0.076 0.043 0.043 1.538 0.070 // 3 PM
1.509 0.043 0.040 0.068 0.043 1.387 0.040 0.076 0.043 0.043 1.441 0.065  // 4 PM
1.443 0.044 0.041 0.063 0.042 1.291 0.041 0.077 0.043 0.043 1.344 0.060  // 5 PM
1.377 0.044 0.041 0.059 0.042 1.195 0.041 0.077 0.043 0.043 1.247 0.055 // 6 PM
1.409 0.044 0.041 0.064 0.042 1.270 0.041 0.078 0.043 0.043 1.305 0.064  // 7 PM
1.441 0.043 0.040 0.070 0.043 1.344 0.040 0.079 0.043 0.043 1.364 0.074  // 8 PM
1.473 0.043 0.040 0.075 0.043 1.419 0.040 0.080 0.043 0.043 1.422 0.083 // 9 PM
1.487 0.043 0.040 0.077 0.043 1.451 0.040 0.081 0.043 0.043 1.447 0.087  // 10 PM
1.500 0.043 0.040 0.080 0.043 1.482 0.040 0.081 0.043 0.043 1.472 0.091  // 11 PM

// WEATHER_CLOUDY_LA
1.526 0.059 0.059 0.036 0.060 1.525 0.059 0.037 0.060 0.059 1.525 0.037 // 12 AM
1.495 0.059 0.059 0.038 0.060 1.496 0.059 0.038 0.060 0.059 1.496 0.038  // 1 AM
1.464 0.059 0.059 0.040 0.060 1.466 0.059 0.040 0.060 0.059 1.466 0.040  // 2 AM
1.433 0.059 0.059 0.042 0.060 1.437 0.059 0.041 0.060 0.059 1.437 0.041 // 3 AM
1.361 0.059 0.059 0.047 0.060 1.369 0.059 0.044 0.060 0.059 1.369 0.044  // 4 AM
1.288 0.059 0.059 0.051 0.060 1.301 0.059 0.048 0.060 0.059 1.301 0.048  // 5 AM
1.216 0.059 0.059 0.056 0.060 1.233 0.059 0.051 0.060 0.059 1.233 0.051 // 6 AM
1.280 0.059 0.059 0.053 0.060 1.291 0.059 0.048 0.060 0.059 1.300 0.047  // 7 AM
1.345 0.059 0.059 0.051 0.060 1.349 0.059 0.046 0.060 0.059 1.367 0.044  // 8 AM
1.409 0.059 0.059 0.048 0.060 1.407 0.059 0.043 0.060 0.059 1.434 0.040 // 9 AM
1.506 0.059 0.059 0.044 0.060 1.494 0.059 0.039 0.060 0.059 1.535 0.034  // 10 AM
1.602 0.059 0.059 0.039 0.060 1.582 0.059 0.034 0.060 0.059 1.636 0.029  // 11 AM
1.699 0.059 0.059 0.035 0.060 1.669 0.059 0.030 0.060 0.059 1.737 0.023 // 12 PM
1.660 0.059 0.059 0.032 0.060 1.612 0.059 0.030 0.060 0.059 1.679 0.020  // 1 PM
1.620 0.059 0.059 0.030 0.059 1.554 0.059 0.031 0.060 0.059 1.620 0.017  // 2 PM
1.581 0.059 0.059 0.027 0.059 1.497 0.059 0.031 0.060 0.059 1.562 0.014 // 3 PM
1.522 0.059 0.059 0.023 0.059 1.411 0.059 0.031 0.060 0.059 1.475 0.010  // 4 PM
1.462 0.060 0.060 0.020 0.059 1.324 0.060 0.032 0.060 0.059 1.387 0.005  // 5 PM
1.403 0.060 0.060 0.016 0.059 1.238 0.060 0.032 0.060 0.059 1.300 0.001 // 6 PM
1.432 0.060 0.060 0.021 0.059 1.305 0.060 0.033 0.060 0.059 1.352 0.009  // 7 PM
1.460 0.059 0.059 0.025 0.060 1.372 0.059 0.034 0.060 0.059 1.405 0.018  // 8 PM
1.489 0.059 0.059 0.030 0.060 1.439 0.059 0.035 0.060 0.059 1.457 0.026 // 9 PM
1.501 0.059 0.059 0.032 0.060 1.468 0.059 0.036 0.060 0.059 1.480 0.030  // 10 PM
1.514 0.059 0.059 0.034 0.060 1.496 0.059 0.036 0.060 0.059 1.502 0.033  // 11 PM

// WEATHER_SUNNY_SF
2.124 0.000 0.000 -0.007 0.000 2.124 0.000 -0.007 0.000 0.000 2.124 -0.007 // 12 AM
2.062 0.000 0.000 -0.003 0.000 2.065 0.000 -0.004 0.000 0.000 2.065 -0.004  // 1 AM
2.000 0.000 0.000 0.000 0.000 2.007 0.000 -0.002 0.000 0.000 2.007 -0.002  // 2 AM
1.938 0.000 0.000 0.004 0.000 1.948 0.000 0.001 0.000 0.000 1.948 0.001 // 3 AM
1.793 0.000 0.000 0.013 0.000 1.812 0.000 0.008 0.000 0.000 1.812 0.008  // 4 AM
1.649 0.000 0.000 0.023 0.000 1.675 0.000 0.015 0.000 0.000 1.675 0.015  // 5 AM
1.504 0.000 0.000 0.032 0.000 1.539 0.000 0.022 0.000 0.000 1.539 0.022 // 6 AM
1.633 0.000 0.000 0.026 0.000 1.655 0.000 0.016 0.000 0.000 1.673 0.014  // 7 AM
1.761 0.000 0.000 0.021 0.000 1.772 0.000 0.011 0.000 0.000 1.808 0.007  // 8 AM
1.890 0.000 0.000 0.015 0.000 1.888 0.000 0.005 0.000 0.000 1.942 -0.001 // 9 AM
2.084 0.000 0.000 0.007 0.000 2.063 0.000 -0.003 0.000 0.000 2.144 -0.012  // 10 AM
2.277 0.000 0.000 -0.002 0.000 2.237 0.000 -0.012 0.000 0.000 2.345 -0.024  // 11 AM
2.471 0.000 0.000 -0.010 0.000 2.412 0.000 -0.020 0.000 0.000 2.547 -0.035 // 12 PM
2.392 0.000 0.000 -0.015 0.000 2.297 0.000 -0.019 0.000 0.000 2.431 -0.041  // 1 PM
2.312 0.001 0.001 -0.020 0.000 2.182 0.000 -0.019 0.000 0.000 2.314 -0.047  // 2 PM
2.233 0.001 0.001 -0.025 -0.000 2.067 0.000 -0.018 0.000 0.000 2.198 -0.053 // 3 PM
2.114 0.001 0.001 -0.033 -0.000 1.895 0.000 -0.017 0.000 0.000 2.023 -0.062  // 4 PM
1.996 0.002 0.002 -0.041 -0.001 1.722 0.001 -0.017 0.000 0.000 1.849 -0.070  // 5 PM
1.877 0.002 0.002 -0.049 -0.001 1.550 0.001 -0.016 0.000 0.000 1.674 -0.079 // 6 PM
1.935 0.001 0.001 -0.039 -0.001 1.684 0.001 -0.014 0.000 0.000 1.779 -0.062  // 7 PM
1.992 0.001 0.001 -0.030 -0.000 1.817 0.000 -0.012 0.000 0.000 1.884 -0.046  // 8 PM
2.050 0.000 0.000 -0.020 -0.000 1.951 0.000 -0.010 0.000 0.000 1.989 -0.029 // 9 PM
2.075 0.000 0.000 -0.016 0.000 2.009 0.000 -0.009 0.000 0.000 2.034 -0.022  // 10 PM
2.099 0.000 0.000 -0.011 0.000 2.066 0.000 -0.008 0.000 0.000 2.079 -0.014  // 11 PM

// WEATHER_EXTRASUNNY_SF
2.124 0.000 0.000 -0.007 0.000 2.124 0.000 -0.007 0.000 0.000 2.124 -0.007 // 12 AM
2.062 0.000 0.000 -0.003 0.000 2.065 0.000 -0.004 0.000 0.000 2.065 -0.004  // 1 AM
2.000 0.000 0.000 0.000 0.000 2.007 0.000 -0.002 0.000 0.000 2.007 -0.002  // 2 AM
1.938 0.000 0.000 0.004 0.000 1.948 0.000 0.001 0.000 0.000 1.948 0.001 // 3 AM
1.793 0.000 0.000 0.013 0.000 1.812 0.000 0.008 0.000 0.000 1.812 0.008  // 4 AM
1.649 0.000 0.000 0.023 0.000 1.675 0.000 0.015 0.000 0.000 1.675 0.015  // 5 AM
1.504 0.000 0.000 0.032 0.000 1.539 0.000 0.022 0.000 0.000 1.539 0.022 // 6 AM
1.633 0.000 0.000 0.026 0.000 1.655 0.000 0.016 0.000 0.000 1.673 0.014  // 7 AM
1.761 0.000 0.000 0.021 0.000 1.772 0.000 0.011 0.000 0.000 1.808 0.007  // 8 AM
1.890 0.000 0.000 0.015 0.000 1.888 0.000 0.005 0.000 0.000 1.942 -0.001 // 9 AM
2.084 0.000 0.000 0.007 0.000 2.063 0.000 -0.003 0.000 0.000 2.144 -0.012  // 10 AM
2.277 0.000 0.000 -0.002 0.000 2.237 0.000 -0.012 0.000 0.000 2.345 -0.024  // 11 AM
2.471 0.000 0.000 -0.010 0.000 2.412 0.000 -0.020 0.000 0.000 2.547 -0.035 // 12 PM
2.392 0.000 0.000 -0.015 0.000 2.297 0.000 -0.019 0.000 0.000 2.431 -0.041  // 1 PM
2.312 0.001 0.001 -0.020 0.000 2.182 0.000 -0.019 0.000 0.000 2.314 -0.047  // 2 PM
2.233 0.001 0.001 -0.025 -0.000 2.067 0.000 -0.018 0.000 0.000 2.198 -0.053 // 3 PM
2.114 0.001 0.001 -0.033 -0.000 1.895 0.000 -0.017 0.000 0.000 2.023 -0.062  // 4 PM
1.996 0.002 0.002 -0.041 -0.001 1.722 0.001 -0.017 0.000 0.000 1.849 -0.070  // 5 PM
1.877 0.002 0.002 -0.049 -0.001 1.550 0.001 -0.016 0.000 0.000 1.674 -0.079 // 6 PM
1.935 0.001 0.001 -0.039 -0.001 1.684 0.001 -0.014 0.000 0.000 1.779 -0.062  // 7 PM
1.992 0.001 0.001 -0.030 -0.000 1.817 0.000 -0.012 0.000 0.000 1.884 -0.046  // 8 PM
2.050 0.000 0.000 -0.020 -0.000 1.951 0.000 -0.010 0.000 0.000 1.989 -0.029 // 9 PM
2.075 0.000 0.000 -0.016 0.000 2.009 0.000 -0.009 0.000 0.000 2.034 -0.022  // 10 PM
2.099 0.000 0.000 -0.011 0.000 2.066 0.000 -0.008 0.000 0.000 2.079 -0.014  // 11 PM

// WEATHER_CLOUDY_SF
1.526 0.059 0.059 0.036 0.060 1.525 0.059 0.037 0.060 0.059 1.525 0.037 // 12 AM
1.495 0.059 0.059 0.038 0.060 1.496 0.059 0.038 0.060 0.059 1.496 0.038  // 1 AM
1.464 0.059 0.059 0.040 0.060 1.466 0.059 0.040 0.060 0.059 1.466 0.040  // 2 AM
1.433 0.059 0.059 0.042 0.060 1.437 0.059 0.041 0.060 0.059 1.437 0.041 // 3 AM
1.361 0.059 0.059 0.047 0.060 1.369 0.059 0.044 0.060 0.059 1.369 0.044  // 4 AM
1.288 0.059 0.059 0.051 0.060 1.301 0.059 0.048 0.060 0.059 1.301 0.048  // 5 AM
1.216 0.059 0.059 0.056 0.060 1.233 0.059 0.051 0.060 0.059 1.233 0.051 // 6 AM
1.280 0.059 0.059 0.053 0.060 1.291 0.059 0.048 0.060 0.059 1.300 0.047  // 7 AM
1.345 0.059 0.059 0.051 0.060 1.349 0.059 0.046 0.060 0.059 1.367 0.044  // 8 AM
1.409 0.059 0.059 0.048 0.060 1.407 0.059 0.043 0.060 0.059 1.434 0.040 // 9 AM
1.506 0.059 0.059 0.044 0.060 1.494 0.059 0.039 0.060 0.059 1.535 0.034  // 10 AM
1.602 0.059 0.059 0.039 0.060 1.582 0.059 0.034 0.060 0.059 1.636 0.029  // 11 AM
1.699 0.059 0.059 0.035 0.060 1.669 0.059 0.030 0.060 0.059 1.737 0.023 // 12 PM
1.660 0.059 0.059 0.032 0.060 1.612 0.059 0.030 0.060 0.059 1.679 0.020  // 1 PM
1.620 0.059 0.059 0.030 0.059 1.554 0.059 0.031 0.060 0.059 1.620 0.017  // 2 PM
1.581 0.059 0.059 0.027 0.059 1.497 0.059 0.031 0.060 0.059 1.562 0.014 // 3 PM
1.522 0.059 0.059 0.023 0.059 1.411 0.059 0.031 0.060 0.059 1.475 0.010  // 4 PM
1.462 0.060 0.060 0.020 0.059 1.324 0.060 0.032 0.060 0.059 1.387 0.005  // 5 PM
1.403 0.060 0.060 0.016 0.059 1.238 0.060 0.032 0.060 0.059 1.300 0.001 // 6 PM
1.432 0.060 0.060 0.021 0.059 1.305 0.060 0.033 0.060 0.059 1.352 0.009  // 7 PM
1.460 0.059 0.059 0.025 0.060 1.372 0.059 0.034 0.060 0.059 1.405 0.018  // 8 PM
1.489 0.059 0.059 0.030 0.060 1.439 0.059 0.035 0.060 0.059 1.457 0.026 // 9 PM
1.501 0.059 0.059 0.032 0.060 1.468 0.059 0.036 0.060 0.059 1.480 0.030  // 10 PM
1.514 0.059 0.059 0.034 0.060 1.496 0.059 0.036 0.060 0.059 1.502 0.033  // 11 PM

// WEATHER_RAINY_SF
1.508 -0.042 -0.042 0.046 -0.042 1.508 -0.042 0.046 -0.042 -0.042 1.508 0.046 // 12 AM
1.477 -0.042 -0.042 0.048 -0.042 1.479 -0.042 0.048 -0.042 -0.042 1.479 0.048  // 1 AM
1.446 -0.042 -0.042 0.050 -0.042 1.449 -0.042 0.049 -0.042 -0.042 1.449 0.049  // 2 AM
1.415 -0.042 -0.042 0.052 -0.042 1.420 -0.042 0.051 -0.042 -0.042 1.420 0.051 // 3 AM
1.343 -0.042 -0.042 0.057 -0.042 1.352 -0.042 0.054 -0.042 -0.042 1.352 0.054  // 4 AM
1.270 -0.042 -0.042 0.061 -0.042 1.284 -0.042 0.058 -0.042 -0.042 1.284 0.058  // 5 AM
1.198 -0.042 -0.042 0.066 -0.042 1.216 -0.042 0.061 -0.042 -0.042 1.216 0.061 // 6 AM
1.262 -0.042 -0.042 0.063 -0.042 1.274 -0.042 0.058 -0.042 -0.042 1.283 0.057  // 7 AM
1.327 -0.042 -0.042 0.060 -0.042 1.332 -0.042 0.056 -0.042 -0.042 1.350 0.053  // 8 AM
1.391 -0.042 -0.042 0.057 -0.042 1.390 -0.042 0.053 -0.042 -0.042 1.417 0.049 // 9 AM
1.488 -0.042 -0.042 0.053 -0.042 1.477 -0.042 0.049 -0.042 -0.042 1.518 0.043  // 10 AM
1.585 -0.042 -0.042 0.049 -0.042 1.565 -0.042 0.044 -0.042 -0.042 1.619 0.038  // 11 AM
1.682 -0.042 -0.042 0.045 -0.042 1.652 -0.042 0.040 -0.042 -0.042 1.720 0.032 // 12 PM
1.642 -0.042 -0.042 0.042 -0.042 1.595 -0.042 0.040 -0.042 -0.042 1.662 0.029  // 1 PM
1.603 -0.041 -0.041 0.040 -0.042 1.537 -0.041 0.041 -0.042 -0.042 1.603 0.027  // 2 PM
1.563 -0.041 -0.041 0.037 -0.042 1.480 -0.041 0.041 -0.042 -0.042 1.545 0.024 // 3 PM
1.504 -0.041 -0.041 0.033 -0.042 1.394 -0.041 0.041 -0.042 -0.042 1.458 0.019  // 4 PM
1.444 -0.041 -0.041 0.030 -0.042 1.307 -0.041 0.042 -0.042 -0.042 1.370 0.015  // 5 PM
1.385 -0.041 -0.041 0.026 -0.042 1.221 -0.041 0.042 -0.042 -0.042 1.283 0.010 // 6 PM
1.414 -0.041 -0.041 0.031 -0.042 1.288 -0.041 0.043 -0.042 -0.042 1.336 0.018  // 7 PM
1.442 -0.041 -0.041 0.035 -0.042 1.355 -0.042 0.044 -0.042 -0.042 1.388 0.027  // 8 PM
1.471 -0.041 -0.041 0.040 -0.042 1.422 -0.042 0.045 -0.042 -0.042 1.441 0.035 // 9 PM
1.483 -0.041 -0.041 0.042 -0.042 1.451 -0.042 0.045 -0.042 -0.042 1.463 0.039  // 10 PM
1.496 -0.042 -0.042 0.044 -0.042 1.479 -0.042 0.046 -0.042 -0.042 1.486 0.042  // 11 PM

// WEATHER_FOGGY_SF
1.438 0.048 0.045 0.093 0.048 1.438 0.045 0.093 0.049 0.049 1.419 0.108 // 12 AM
1.407 0.048 0.045 0.095 0.048 1.409 0.045 0.094 0.049 0.049 1.390 0.110  // 1 AM
1.376 0.048 0.045 0.097 0.048 1.379 0.045 0.096 0.049 0.049 1.360 0.111  // 2 AM
1.345 0.048 0.045 0.099 0.048 1.350 0.045 0.097 0.049 0.049 1.331 0.113 // 3 AM
1.273 0.048 0.045 0.104 0.048 1.282 0.045 0.101 0.049 0.049 1.263 0.116  // 4 AM
1.200 0.048 0.045 0.108 0.048 1.214 0.045 0.104 0.049 0.049 1.194 0.120  // 5 AM
1.128 0.048 0.045 0.113 0.048 1.146 0.045 0.108 0.049 0.049 1.126 0.123 // 6 AM
1.193 0.048 0.045 0.110 0.048 1.204 0.045 0.105 0.049 0.049 1.193 0.119  // 7 AM
1.257 0.048 0.045 0.107 0.048 1.262 0.045 0.102 0.049 0.049 1.261 0.115  // 8 AM
1.322 0.048 0.045 0.104 0.048 1.320 0.045 0.099 0.049 0.049 1.328 0.111 // 9 AM
1.419 0.048 0.045 0.100 0.048 1.407 0.045 0.095 0.049 0.049 1.429 0.105  // 10 AM
1.515 0.048 0.045 0.096 0.048 1.495 0.045 0.091 0.049 0.049 1.529 0.100  // 11 AM
1.612 0.048 0.045 0.092 0.048 1.582 0.045 0.087 0.049 0.049 1.630 0.094 // 12 PM
1.572 0.048 0.045 0.089 0.048 1.525 0.045 0.087 0.049 0.049 1.572 0.091  // 1 PM
1.533 0.048 0.045 0.087 0.048 1.467 0.045 0.088 0.049 0.049 1.514 0.089  // 2 PM
1.493 0.048 0.045 0.084 0.048 1.410 0.045 0.088 0.049 0.049 1.456 0.086 // 3 PM
1.434 0.048 0.045 0.080 0.048 1.324 0.045 0.088 0.049 0.049 1.369 0.081  // 4 PM
1.374 0.049 0.046 0.076 0.048 1.237 0.045 0.089 0.049 0.049 1.281 0.077  // 5 PM
1.315 0.049 0.046 0.072 0.048 1.151 0.045 0.089 0.049 0.049 1.194 0.072 // 6 PM
1.344 0.049 0.046 0.077 0.048 1.218 0.045 0.090 0.049 0.049 1.246 0.080  // 7 PM
1.372 0.048 0.045 0.082 0.048 1.285 0.045 0.091 0.049 0.049 1.299 0.089  // 8 PM
1.401 0.048 0.045 0.087 0.048 1.352 0.045 0.092 0.049 0.049 1.351 0.097 // 9 PM
1.413 0.048 0.045 0.089 0.048 1.381 0.045 0.092 0.049 0.049 1.374 0.101  // 10 PM
1.426 0.048 0.045 0.091 0.048 1.409 0.045 0.093 0.049 0.049 1.396 0.104  // 11 PM

// WEATHER_SUNNY_VEGAS
2.124 0.000 0.000 -0.007 0.000 2.124 0.000 -0.007 0.000 0.000 2.124 -0.007 // 12 AM
2.062 0.000 0.000 -0.003 0.000 2.065 0.000 -0.004 0.000 0.000 2.065 -0.004  // 1 AM
2.000 0.000 0.000 0.000 0.000 2.007 0.000 -0.002 0.000 0.000 2.007 -0.002  // 2 AM
1.938 0.000 0.000 0.004 0.000 1.948 0.000 0.001 0.000 0.000 1.948 0.001 // 3 AM
1.793 0.000 0.000 0.013 0.000 1.812 0.000 0.008 0.000 0.000 1.812 0.008  // 4 AM
1.649 0.000 0.000 0.023 0.000 1.675 0.000 0.015 0.000 0.000 1.675 0.015  // 5 AM
1.504 0.000 0.000 0.032 0.000 1.539 0.000 0.022 0.000 0.000 1.539 0.022 // 6 AM
1.633 0.000 0.000 0.026 0.000 1.655 0.000 0.016 0.000 0.000 1.673 0.014  // 7 AM
1.761 0.000 0.000 0.021 0.000 1.772 0.000 0.011 0.000 0.000 1.808 0.007  // 8 AM
1.890 0.000 0.000 0.015 0.000 1.888 0.000 0.005 0.000 0.000 1.942 -0.001 // 9 AM
2.084 0.000 0.000 0.007 0.000 2.063 0.000 -0.003 0.000 0.000 2.144 -0.012  // 10 AM
2.277 0.000 0.000 -0.002 0.000 2.237 0.000 -0.012 0.000 0.000 2.345 -0.024  // 11 AM
2.471 0.000 0.000 -0.010 0.000 2.412 0.000 -0.020 0.000 0.000 2.547 -0.035 // 12 PM
2.392 0.000 0.000 -0.015 0.000 2.297 0.000 -0.019 0.000 0.000 2.431 -0.041  // 1 PM
2.312 0.001 0.001 -0.020 0.000 2.182 0.000 -0.019 0.000 0.000 2.314 -0.047  // 2 PM
2.233 0.001 0.001 -0.025 -0.000 2.067 0.000 -0.018 0.000 0.000 2.198 -0.053 // 3 PM
2.114 0.001 0.001 -0.033 -0.000 1.895 0.000 -0.017 0.000 0.000 2.023 -0.062  // 4 PM
1.996 0.002 0.002 -0.041 -0.001 1.722 0.001 -0.017 0.000 0.000 1.849 -0.070  // 5 PM
1.877 0.002 0.002 -0.049 -0.001 1.550 0.001 -0.016 0.000 0.000 1.674 -0.079 // 6 PM
1.935 0.001 0.001 -0.039 -0.001 1.684 0.001 -0.014 0.000 0.000 1.779 -0.062  // 7 PM
1.992 0.001 0.001 -0.030 -0.000 1.817 0.000 -0.012 0.000 0.000 1.884 -0.046  // 8 PM
2.050 0.000 0.000 -0.020 -0.000 1.951 0.000 -0.010 0.000 0.000 1.989 -0.029 // 9 PM
2.075 0.000 0.000 -0.016 0.000 2.009 0.000 -0.009 0.000 0.000 2.034 -0.022  // 10 PM
2.099 0.000 0.000 -0.011 0.000 2.066 0.000 -0.008 0.000 0.000 2.079 -0.014  // 11 PM

// WEATHER_EXTRASUNNY_VEGAS
2.124 0.000 0.000 -0.007 0.000 2.124 0.000 -0.007 0.000 0.000 2.124 -0.007 // 12 AM
2.062 0.000 0.000 -0.003 0.000 2.065 0.000 -0.004 0.000 0.000 2.065 -0.004  // 1 AM
2.000 0.000 0.000 0.000 0.000 2.007 0.000 -0.002 0.000 0.000 2.007 -0.002  // 2 AM
1.938 0.000 0.000 0.004 0.000 1.948 0.000 0.001 0.000 0.000 1.948 0.001 // 3 AM
1.793 0.000 0.000 0.013 0.000 1.812 0.000 0.008 0.000 0.000 1.812 0.008  // 4 AM
1.649 0.000 0.000 0.023 0.000 1.675 0.000 0.015 0.000 0.000 1.675 0.015  // 5 AM
1.504 0.000 0.000 0.032 0.000 1.539 0.000 0.022 0.000 0.000 1.539 0.022 // 6 AM
1.633 0.000 0.000 0.026 0.000 1.655 0.000 0.016 0.000 0.000 1.673 0.014  // 7 AM
1.761 0.000 0.000 0.021 0.000 1.772 0.000 0.011 0.000 0.000 1.808 0.007  // 8 AM
1.890 0.000 0.000 0.015 0.000 1.888 0.000 0.005 0.000 0.000 1.942 -0.001 // 9 AM
2.084 0.000 0.000 0.007 0.000 2.063 0.000 -0.003 0.000 0.000 2.144 -0.012  // 10 AM
2.277 0.000 0.000 -0.002 0.000 2.237 0.000 -0.012 0.000 0.000 2.345 -0.024  // 11 AM
2.471 0.000 0.000 -0.010 0.000 2.412 0.000 -0.020 0.000 0.000 2.547 -0.035 // 12 PM
2.392 0.000 0.000 -0.015 0.000 2.297 0.000 -0.019 0.000 0.000 2.431 -0.041  // 1 PM
2.312 0.001 0.001 -0.020 0.000 2.182 0.000 -0.019 0.000 0.000 2.314 -0.047  // 2 PM
2.233 0.001 0.001 -0.025 -0.000 2.067 0.000 -0.018 0.000 0.000 2.198 -0.053 // 3 PM
2.114 0.001 0.001 -0.033 -0.000 1.895 0.000 -0.017 0.000 0.000 2.023 -0.062  // 4 PM
1.996 0.002 0.002 -0.041 -0.001 1.722 0.001 -0.017 0.000 0.000 1.849 -0.070  // 5 PM
1.877 0.002 0.002 -0.049 -0.001 1.550 0.001 -0.016 0.000 0.000 1.674 -0.079 // 6 PM
1.935 0.001 0.001 -0.039 -0.001 1.684 0.001 -0.014 0.000 0.000 1.779 -0.062  // 7 PM
1.992 0.001 0.001 -0.030 -0.000 1.817 0.000 -0.012 0.000 0.000 1.884 -0.046  // 8 PM
2.050 0.000 0.000 -0.020 -0.000 1.951 0.000 -0.010 0.000 0.000 1.989 -0.029 // 9 PM
2.075 0.000 0.000 -0.016 0.000 2.009 0.000 -0.009 0.000 0.000 2.034 -0.022  // 10 PM
2.099 0.000 0.000 -0.011 0.000 2.066 0.000 -0.008 0.000 0.000 2.079 -0.014  // 11 PM

// WEATHER_CLOUDY_VEGAS
1.592 0.053 0.053 0.032 0.053 1.591 0.053 0.032 0.053 0.053 1.591 0.032 // 12 AM
1.558 0.053 0.053 0.034 0.053 1.559 0.053 0.034 0.053 0.053 1.559 0.034  // 1 AM
1.523 0.053 0.053 0.036 0.053 1.526 0.053 0.035 0.053 0.053 1.526 0.035  // 2 AM
1.489 0.053 0.053 0.038 0.053 1.494 0.053 0.037 0.053 0.053 1.494 0.037 // 3 AM
1.409 0.053 0.053 0.043 0.053 1.418 0.053 0.041 0.053 0.053 1.418 0.041  // 4 AM
1.328 0.053 0.053 0.048 0.053 1.343 0.053 0.044 0.053 0.053 1.343 0.044  // 5 AM
1.248 0.053 0.053 0.053 0.053 1.267 0.053 0.048 0.053 0.053 1.267 0.048 // 6 AM
1.320 0.053 0.053 0.050 0.053 1.332 0.053 0.045 0.053 0.053 1.342 0.044  // 7 AM
1.391 0.053 0.053 0.047 0.053 1.396 0.053 0.042 0.053 0.053 1.416 0.039  // 8 AM
1.463 0.053 0.053 0.044 0.053 1.461 0.053 0.039 0.053 0.053 1.491 0.035 // 9 AM
1.570 0.053 0.053 0.039 0.053 1.558 0.053 0.034 0.053 0.053 1.603 0.029  // 10 AM
1.678 0.053 0.053 0.035 0.053 1.655 0.053 0.030 0.053 0.053 1.715 0.022  // 11 AM
1.785 0.053 0.053 0.030 0.053 1.752 0.053 0.025 0.053 0.053 1.827 0.016 // 12 PM
1.741 0.053 0.053 0.027 0.053 1.688 0.053 0.025 0.053 0.053 1.762 0.013  // 1 PM
1.697 0.053 0.053 0.025 0.053 1.624 0.053 0.026 0.053 0.053 1.698 0.010  // 2 PM
1.653 0.053 0.053 0.022 0.053 1.560 0.053 0.026 0.053 0.053 1.633 0.007 // 3 PM
1.587 0.053 0.053 0.018 0.053 1.464 0.053 0.026 0.053 0.053 1.536 0.002  // 4 PM
1.522 0.053 0.053 0.013 0.052 1.369 0.053 0.027 0.053 0.053 1.439 -0.003  // 5 PM
1.456 0.053 0.053 0.009 0.052 1.273 0.053 0.027 0.053 0.053 1.342 -0.008 // 6 PM
1.488 0.053 0.053 0.014 0.052 1.347 0.053 0.028 0.053 0.053 1.400 0.001  // 7 PM
1.519 0.053 0.053 0.020 0.053 1.422 0.053 0.029 0.053 0.053 1.459 0.011  // 8 PM
1.551 0.053 0.053 0.025 0.053 1.496 0.053 0.030 0.053 0.053 1.517 0.020 // 9 PM
1.565 0.053 0.053 0.027 0.053 1.528 0.053 0.031 0.053 0.053 1.542 0.024  // 10 PM
1.578 0.053 0.053 0.030 0.053 1.559 0.053 0.031 0.053 0.053 1.566 0.028  // 11 PM

// WEATHER_EXTRASUNNY_COUNTRYSIDE
2.124 0.000 0.000 -0.007 0.000 2.124 0.000 -0.007 0.000 0.000 2.124 -0.007 // 12 AM
2.062 0.000 0.000 -0.003 0.000 2.065 0.000 -0.004 0.000 0.000 2.065 -0.004  // 1 AM
2.000 0.000 0.000 0.000 0.000 2.007 0.000 -0.002 0.000 0.000 2.007 -0.002  // 2 AM
1.938 0.000 0.000 0.004 0.000 1.948 0.000 0.001 0.000 0.000 1.948 0.001 // 3 AM
1.793 0.000 0.000 0.013 0.000 1.812 0.000 0.008 0.000 0.000 1.812 0.008  // 4 AM
1.649 0.000 0.000 0.023 0.000 1.675 0.000 0.015 0.000 0.000 1.675 0.015  // 5 AM
1.504 0.000 0.000 0.032 0.000 1.539 0.000 0.022 0.000 0.000 1.539 0.022 // 6 AM
1.633 0.000 0.000 0.026 0.000 1.655 0.000 0.016 0.000 0.000 1.673 0.014  // 7 AM
1.761 0.000 0.000 0.021 0.000 1.772 0.000 0.011 0.000 0.000 1.808 0.007  // 8 AM
1.890 0.000 0.000 0.015 0.000 1.888 0.000 0.005 0.000 0.000 1.942 -0.001 // 9 AM
2.084 0.000 0.000 0.007 0.000 2.063 0.000 -0.003 0.000 0.000 2.144 -0.012  // 10 AM
2.277 0.000 0.000 -0.002 0.000 2.237 0.000 -0.012 0.000 0.000 2.345 -0.024  // 11 AM
2.471 0.000 0.000 -0.010 0.000 2.412 0.000 -0.020 0.000 0.000 2.547 -0.035 // 12 PM
2.392 0.000 0.000 -0.015 0.000 2.297 0.000 -0.019 0.000 0.000 2.431 -0.041  // 1 PM
2.312 0.001 0.001 -0.020 0.000 2.182 0.000 -0.019 0.000 0.000 2.314 -0.047  // 2 PM
2.233 0.001 0.001 -0.025 -0.000 2.067 0.000 -0.018 0.000 0.000 2.198 -0.053 // 3 PM
2.114 0.001 0.001 -0.033 -0.000 1.895 0.000 -0.017 0.000 0.000 2.023 -0.062  // 4 PM
1.996 0.002 0.002 -0.041 -0.001 1.722 0.001 -0.017 0.000 0.000 1.849 -0.070  // 5 PM
1.877 0.002 0.002 -0.049 -0.001 1.550 0.001 -0.016 0.000 0.000 1.674 -0.079 // 6 PM
1.935 0.001 0.001 -0.039 -0.001 1.684 0.001 -0.014 0.000 0.000 1.779 -0.062  // 7 PM
1.992 0.001 0.001 -0.030 -0.000 1.817 0.000 -0.012 0.000 0.000 1.884 -0.046  // 8 PM
2.050 0.000 0.000 -0.020 -0.000 1.951 0.000 -0.010 0.000 0.000 1.989 -0.029 // 9 PM
2.075 0.000 0.000 -0.016 0.000 2.009 0.000 -0.009 0.000 0.000 2.034 -0.022  // 10 PM
2.099 0.000 0.000 -0.011 0.000 2.066 0.000 -0.008 0.000 0.000 2.079 -0.014  // 11 PM

// WEATHER_SUNNY_COUNTRYSIDE
2.124 0.000 0.000 -0.007 0.000 2.124 0.000 -0.007 0.000 0.000 2.124 -0.007 // 12 AM
2.062 0.000 0.000 -0.003 0.000 2.065 0.000 -0.004 0.000 0.000 2.065 -0.004  // 1 AM
2.000 0.000 0.000 0.000 0.000 2.007 0.000 -0.002 0.000 0.000 2.007 -0.002  // 2 AM
1.938 0.000 0.000 0.004 0.000 1.948 0.000 0.001 0.000 0.000 1.948 0.001 // 3 AM
1.793 0.000 0.000 0.013 0.000 1.812 0.000 0.008 0.000 0.000 1.812 0.008  // 4 AM
1.649 0.000 0.000 0.023 0.000 1.675 0.000 0.015 0.000 0.000 1.675 0.015  // 5 AM
1.504 0.000 0.000 0.032 0.000 1.539 0.000 0.022 0.000 0.000 1.539 0.022 // 6 AM
1.633 0.000 0.000 0.026 0.000 1.655 0.000 0.016 0.000 0.000 1.673 0.014  // 7 AM
1.761 0.000 0.000 0.021 0.000 1.772 0.000 0.011 0.000 0.000 1.808 0.007  // 8 AM
1.890 0.000 0.000 0.015 0.000 1.888 0.000 0.005 0.000 0.000 1.942 -0.001 // 9 AM
2.084 0.000 0.000 0.007 0.000 2.063 0.000 -0.003 0.000 0.000 2.144 -0.012  // 10 AM
2.277 0.000 0.000 -0.002 0.000 2.237 0.000 -0.012 0.000 0.000 2.345 -0.024  // 11 AM
2.471 0.000 0.000 -0.010 0.000 2.412 0.000 -0.020 0.000 0.000 2.547 -0.035 // 12 PM
2.392 0.000 0.000 -0.015 0.000 2.297 0.000 -0.019 0.000 0.000 2.431 -0.041  // 1 PM
2.312 0.001 0.001 -0.020 0.000 2.182 0.000 -0.019 0.000 0.000 2.314 -0.047  // 2 PM
2.233 0.001 0.001 -0.025 -0.000 2.067 0.000 -0.018 0.000 0.000 2.198 -0.053 // 3 PM
2.114 0.001 0.001 -0.033 -0.000 1.895 0.000 -0.017 0.000 0.000 2.023 -0.062  // 4 PM
1.996 0.002 0.002 -0.041 -0.001 1.722 0.001 -0.017 0.000 0.000 1.849 -0.070  // 5 PM
1.877 0.002 0.002 -0.049 -0.001 1.550 0.001 -0.016 0.000 0.000 1.674 -0.079 // 6 PM
1.935 0.001 0.001 -0.039 -0.001 1.684 0.001 -0.014 0.000 0.000 1.779 -0.062  // 7 PM
1.992 0.001 0.001 -0.030 -0.000 1.817 0.000 -0.012 0.000 0.000 1.884 -0.046  // 8 PM
2.050 0.000 0.000 -0.020 -0.000 1.951 0.000 -0.010 0.000 0.000 1.989 -0.029 // 9 PM
2.075 0.000 0.000 -0.016 0.000 2.009 0.000 -0.009 0.000 0.000 2.034 -0.022  // 10 PM
2.099 0.000 0.000 -0.011 0.000 2.066 0.000 -0.008 0.000 0.000 2.079 -0.014  // 11 PM

// WEATHER_CLOUDY_COUNTRYSIDE
1.611 0.051 0.051 0.030 0.051 1.610 0.051 0.030 0.051 0.051 1.610 0.030 // 12 AM
1.576 0.051 0.051 0.032 0.051 1.577 0.051 0.032 0.051 0.051 1.577 0.032  // 1 AM
1.540 0.051 0.051 0.035 0.051 1.543 0.051 0.033 0.051 0.051 1.543 0.033  // 2 AM
1.505 0.051 0.051 0.037 0.051 1.510 0.051 0.035 0.051 0.051 1.510 0.035 // 3 AM
1.422 0.051 0.051 0.042 0.051 1.432 0.051 0.039 0.051 0.051 1.432 0.039  // 4 AM
1.340 0.051 0.051 0.048 0.051 1.354 0.051 0.043 0.051 0.051 1.354 0.043  // 5 AM
1.257 0.051 0.051 0.053 0.051 1.276 0.051 0.047 0.051 0.051 1.276 0.047 // 6 AM
1.331 0.051 0.051 0.050 0.051 1.343 0.051 0.044 0.051 0.051 1.353 0.043  // 7 AM
1.404 0.051 0.051 0.046 0.051 1.409 0.051 0.041 0.051 0.051 1.430 0.038  // 8 AM
1.478 0.051 0.051 0.043 0.051 1.476 0.051 0.038 0.051 0.051 1.507 0.034 // 9 AM
1.589 0.051 0.051 0.038 0.051 1.576 0.051 0.033 0.051 0.051 1.622 0.028  // 10 AM
1.699 0.051 0.051 0.034 0.051 1.675 0.051 0.028 0.051 0.051 1.737 0.021  // 11 AM
1.810 0.051 0.051 0.029 0.051 1.775 0.051 0.023 0.051 0.051 1.852 0.015 // 12 PM
1.765 0.051 0.051 0.026 0.051 1.709 0.051 0.023 0.051 0.051 1.786 0.011  // 1 PM
1.719 0.051 0.051 0.023 0.051 1.644 0.051 0.024 0.051 0.051 1.719 0.008  // 2 PM
1.674 0.051 0.051 0.020 0.051 1.578 0.051 0.024 0.051 0.051 1.653 0.004 // 3 PM
1.606 0.051 0.051 0.016 0.051 1.480 0.051 0.024 0.051 0.051 1.553 -0.001  // 4 PM
1.539 0.052 0.052 0.011 0.051 1.381 0.051 0.025 0.051 0.051 1.454 -0.006  // 5 PM
1.471 0.052 0.052 0.007 0.051 1.283 0.051 0.025 0.051 0.051 1.354 -0.011 // 6 PM
1.504 0.052 0.052 0.012 0.051 1.359 0.051 0.026 0.051 0.051 1.414 -0.001  // 7 PM
1.536 0.051 0.051 0.018 0.051 1.436 0.051 0.028 0.051 0.051 1.473 0.008  // 8 PM
1.569 0.051 0.051 0.023 0.051 1.512 0.051 0.029 0.051 0.051 1.533 0.018 // 9 PM
1.583 0.051 0.051 0.025 0.051 1.545 0.051 0.029 0.051 0.051 1.559 0.022  // 10 PM
1.597 0.051 0.051 0.028 0.051 1.577 0.051 0.030 0.051 0.051 1.584 0.026  // 11 PM

// WEATHER_RAINY_COUNTRYSIDE
1.540 -0.039 -0.039 0.043 -0.039 1.540 -0.039 0.043 -0.039 -0.039 1.540 0.043 // 12 AM
1.508 -0.039 -0.039 0.045 -0.039 1.509 -0.039 0.045 -0.039 -0.039 1.509 0.045  // 1 AM
1.475 -0.039 -0.039 0.048 -0.039 1.479 -0.039 0.046 -0.039 -0.039 1.479 0.046  // 2 AM
1.443 -0.039 -0.039 0.050 -0.039 1.448 -0.039 0.048 -0.039 -0.039 1.448 0.048 // 3 AM
1.367 -0.039 -0.039 0.055 -0.039 1.376 -0.039 0.052 -0.039 -0.039 1.376 0.052  // 4 AM
1.290 -0.039 -0.039 0.059 -0.039 1.305 -0.039 0.055 -0.039 -0.039 1.305 0.055  // 5 AM
1.214 -0.039 -0.039 0.064 -0.039 1.233 -0.039 0.059 -0.039 -0.039 1.233 0.059 // 6 AM
1.282 -0.039 -0.039 0.061 -0.039 1.294 -0.039 0.056 -0.039 -0.039 1.304 0.055  // 7 AM
1.350 -0.039 -0.039 0.058 -0.039 1.356 -0.039 0.053 -0.039 -0.039 1.374 0.051  // 8 AM
1.418 -0.039 -0.039 0.055 -0.039 1.417 -0.039 0.050 -0.039 -0.039 1.445 0.047 // 9 AM
1.520 -0.039 -0.039 0.051 -0.039 1.509 -0.039 0.046 -0.039 -0.039 1.551 0.041  // 10 AM
1.621 -0.039 -0.039 0.046 -0.039 1.600 -0.039 0.041 -0.039 -0.039 1.657 0.035  // 11 AM
1.723 -0.039 -0.039 0.042 -0.039 1.692 -0.039 0.037 -0.039 -0.039 1.763 0.029 // 12 PM
1.681 -0.039 -0.039 0.039 -0.039 1.632 -0.039 0.037 -0.039 -0.039 1.702 0.026  // 1 PM
1.640 -0.039 -0.039 0.037 -0.040 1.571 -0.039 0.038 -0.039 -0.039 1.641 0.022  // 2 PM
1.598 -0.039 -0.039 0.034 -0.040 1.511 -0.039 0.038 -0.039 -0.039 1.580 0.019 // 3 PM
1.536 -0.039 -0.039 0.030 -0.040 1.420 -0.039 0.038 -0.039 -0.039 1.488 0.015  // 4 PM
1.473 -0.039 -0.039 0.026 -0.040 1.329 -0.039 0.039 -0.039 -0.039 1.396 0.010  // 5 PM
1.411 -0.039 -0.039 0.022 -0.040 1.238 -0.039 0.039 -0.039 -0.039 1.304 0.006 // 6 PM
1.441 -0.039 -0.039 0.027 -0.040 1.309 -0.039 0.040 -0.039 -0.039 1.359 0.015  // 7 PM
1.472 -0.039 -0.039 0.032 -0.040 1.379 -0.039 0.041 -0.039 -0.039 1.415 0.023  // 8 PM
1.502 -0.039 -0.039 0.037 -0.040 1.450 -0.039 0.042 -0.039 -0.039 1.470 0.032 // 9 PM
1.515 -0.039 -0.039 0.039 -0.040 1.480 -0.039 0.042 -0.039 -0.039 1.493 0.036  // 10 PM
1.527 -0.039 -0.039 0.041 -0.039 1.510 -0.039 0.043 -0.039 -0.039 1.517 0.039  // 11 PM

// WEATHER_EXTRASUNNY_DESERT
2.124 0.000 0.000 -0.007 0.000 2.124 0.000 -0.007 0.000 0.000 2.124 -0.007 // 12 AM
2.062 0.000 0.000 -0.003 0.000 2.065 0.000 -0.004 0.000 0.000 2.065 -0.004  // 1 AM
2.000 0.000 0.000 0.000 0.000 2.007 0.000 -0.002 0.000 0.000 2.007 -0.002  // 2 AM
1.938 0.000 0.000 0.004 0.000 1.948 0.000 0.001 0.000 0.000 1.948 0.001 // 3 AM
1.793 0.000 0.000 0.013 0.000 1.812 0.000 0.008 0.000 0.000 1.812 0.008  // 4 AM
1.649 0.000 0.000 0.023 0.000 1.675 0.000 0.015 0.000 0.000 1.675 0.015  // 5 AM
1.504 0.000 0.000 0.032 0.000 1.539 0.000 0.022 0.000 0.000 1.539 0.022 // 6 AM
1.633 0.000 0.000 0.026 0.000 1.655 0.000 0.016 0.000 0.000 1.673 0.014  // 7 AM
1.761 0.000 0.000 0.021 0.000 1.772 0.000 0.011 0.000 0.000 1.808 0.007  // 8 AM
1.890 0.000 0.000 0.015 0.000 1.888 0.000 0.005 0.000 0.000 1.942 -0.001 // 9 AM
2.084 0.000 0.000 0.007 0.000 2.063 0.000 -0.003 0.000 0.000 2.144 -0.012  // 10 AM
2.277 0.000 0.000 -0.002 0.000 2.237 0.000 -0.012 0.000 0.000 2.345 -0.024  // 11 AM
2.471 0.000 0.000 -0.010 0.000 2.412 0.000 -0.020 0.000 0.000 2.547 -0.035 // 12 PM
2.392 0.000 0.000 -0.015 0.000 2.297 0.000 -0.019 0.000 0.000 2.431 -0.041  // 1 PM
2.312 0.001 0.001 -0.020 0.000 2.182 0.000 -0.019 0.000 0.000 2.314 -0.047  // 2 PM
2.233 0.001 0.001 -0.025 -0.000 2.067 0.000 -0.018 0.000 0.000 2.198 -0.053 // 3 PM
2.114 0.001 0.001 -0.033 -0.000 1.895 0.000 -0.017 0.000 0.000 2.023 -0.062  // 4 PM
1.996 0.002 0.002 -0.041 -0.001 1.722 0.001 -0.017 0.000 0.000 1.849 -0.070  // 5 PM
1.877 0.002 0.002 -0.049 -0.001 1.550 0.001 -0.016 0.000 0.000 1.674 -0.079 // 6 PM
1.935 0.001 0.001 -0.039 -0.001 1.684 0.001 -0.014 0.000 0.000 1.779 -0.062  // 7 PM
1.992 0.001 0.001 -0.030 -0.000 1.817 0.000 -0.012 0.000 0.000 1.884 -0.046  // 8 PM
2.050 0.000 0.000 -0.020 -0.000 1.951 0.000 -0.010 0.000 0.000 1.989 -0.029 // 9 PM
2.075 0.000 0.000 -0.016 0.000 2.009 0.000 -0.009 0.000 0.000 2.034 -0.022  // 10 PM
2.099 0.000 0.000 -0.011 0.000 2.066 0.000 -0.008 0.000 0.000 2.079 -0.014  // 11 PM

// WEATHER_SUNNY_DESERT
2.124 0.000 0.000 -0.007 0.000 2.124 0.000 -0.007 0.000 0.000 2.124 -0.007 // 12 AM
2.062 0.000 0.000 -0.003 0.000 2.065 0.000 -0.004 0.000 0.000 2.065 -0.004  // 1 AM
2.000 0.000 0.000 0.000 0.000 2.007 0.000 -0.002 0.000 0.000 2.007 -0.002  // 2 AM
1.938 0.000 0.000 0.004 0.000 1.948 0.000 0.001 0.000 0.000 1.948 0.001 // 3 AM
1.793 0.000 0.000 0.013 0.000 1.812 0.000 0.008 0.000 0.000 1.812 0.008  // 4 AM
1.649 0.000 0.000 0.023 0.000 1.675 0.000 0.015 0.000 0.000 1.675 0.015  // 5 AM
1.504 0.000 0.000 0.032 0.000 1.539 0.000 0.022 0.000 0.000 1.539 0.022 // 6 AM
1.633 0.000 0.000 0.026 0.000 1.655 0.000 0.016 0.000 0.000 1.673 0.014  // 7 AM
1.761 0.000 0.000 0.021 0.000 1.772 0.000 0.011 0.000 0.000 1.808 0.007  // 8 AM
1.890 0.000 0.000 0.015 0.000 1.888 0.000 0.005 0.000 0.000 1.942 -0.001 // 9 AM
2.084 0.000 0.000 0.007 0.000 2.063 0.000 -0.003 0.000 0.000 2.144 -0.012  // 10 AM
2.277 0.000 0.000 -0.002 0.000 2.237 0.000 -0.012 0.000 0.000 2.345 -0.024  // 11 AM
2.471 0.000 0.000 -0.010 0.000 2.412 0.000 -0.020 0.000 0.000 2.547 -0.035 // 12 PM
2.392 0.000 0.000 -0.015 0.000 2.297 0.000 -0.019 0.000 0.000 2.431 -0.041  // 1 PM
2.312 0.001 0.001 -0.020 0.000 2.182 0.000 -0.019 0.000 0.000 2.314 -0.047  // 2 PM
2.233 0.001 0.001 -0.025 -0.000 2.067 0.000 -0.018 0.000 0.000 2.198 -0.053 // 3 PM
2.114 0.001 0.001 -0.033 -0.000 1.895 0.000 -0.017 0.000 0.000 2.023 -0.062  // 4 PM
1.996 0.002 0.002 -0.041 -0.001 1.722 0.001 -0.017 0.000 0.000 1.849 -0.070  // 5 PM
1.877 0.002 0.002 -0.049 -0.001 1.550 0.001 -0.016 0.000 0.000 1.674 -0.079 // 6 PM
1.935 0.001 0.001 -0.039 -0.001 1.684 0.001 -0.014 0.000 0.000 1.779 -0.062  // 7 PM
1.992 0.001 0.001 -0.030 -0.000 1.817 0.000 -0.012 0.000 0.000 1.884 -0.046  // 8 PM
2.050 0.000 0.000 -0.020 -0.000 1.951 0.000 -0.010 0.000 0.000 1.989 -0.029 // 9 PM
2.075 0.000 0.000 -0.016 0.000 2.009 0.000 -0.009 0.000 0.000 2.034 -0.022  // 10 PM
2.099 0.000 0.000 -0.011 0.000 2.066 0.000 -0.008 0.000 0.000 2.079 -0.014  // 11 PM

// WEATHER_SANDSTORM_DESERT
1.318 -0.000 -0.000 0.082 -0.000 1.339 -0.000 0.070 -0.000 -0.000 1.339 0.059 // 12 AM
1.293 -0.000 -0.000 0.083 -0.000 1.316 -0.000 0.071 -0.000 -0.000 1.316 0.060  // 1 AM
1.268 -0.000 -0.000 0.085 -0.000 1.292 -0.000 0.072 -0.000 -0.000 1.292 0.062  // 2 AM
1.243 -0.000 -0.000 0.086 -0.000 1.269 -0.000 0.073 -0.000 -0.000 1.269 0.063 // 3 AM
1.185 -0.000 -0.000 0.090 -0.000 1.214 -0.000 0.076 -0.000 -0.000 1.214 0.066  // 4 AM
1.128 -0.000 -0.000 0.093 -0.000 1.160 -0.000 0.078 -0.000 -0.000 1.160 0.068  // 5 AM
1.070 -0.000 -0.000 0.097 -0.000 1.105 -0.000 0.081 -0.000 -0.000 1.105 0.071 // 6 AM
1.121 -0.000 -0.000 0.095 -0.000 1.152 -0.000 0.079 -0.000 -0.000 1.159 0.068  // 7 AM
1.173 -0.000 -0.000 0.093 -0.000 1.198 -0.000 0.077 -0.000 -0.000 1.212 0.065  // 8 AM
1.224 -0.000 -0.000 0.091 -0.000 1.245 -0.000 0.075 -0.000 -0.000 1.266 0.062 // 9 AM
1.301 -0.000 -0.000 0.088 -0.000 1.315 -0.000 0.072 -0.000 -0.000 1.347 0.057  // 10 AM
1.379 -0.000 -0.000 0.084 -0.000 1.384 -0.000 0.068 -0.000 -0.000 1.427 0.053  // 11 AM
1.456 -0.000 -0.000 0.081 -0.000 1.454 -0.000 0.065 -0.000 -0.000 1.508 0.048 // 12 PM
1.424 0.000 0.000 0.079 -0.000 1.408 0.000 0.065 -0.000 -0.000 1.462 0.046  // 1 PM
1.393 0.000 0.000 0.077 -0.000 1.362 0.000 0.065 -0.000 -0.000 1.415 0.043  // 2 PM
1.361 0.000 0.000 0.075 -0.000 1.316 0.000 0.065 -0.000 -0.000 1.369 0.041 // 3 PM
1.314 0.000 0.000 0.072 -0.000 1.247 0.000 0.065 -0.000 -0.000 1.299 0.038  // 4 PM
1.266 0.001 0.001 0.068 -0.000 1.179 0.000 0.066 -0.000 -0.000 1.229 0.034  // 5 PM
1.219 0.001 0.001 0.065 -0.000 1.110 0.000 0.066 -0.000 -0.000 1.159 0.031 // 6 PM
1.242 0.001 0.001 0.069 -0.000 1.163 0.000 0.067 -0.000 -0.000 1.201 0.038  // 7 PM
1.265 0.000 0.000 0.073 -0.000 1.217 0.000 0.068 -0.000 -0.000 1.243 0.044  // 8 PM
1.288 0.000 0.000 0.077 -0.000 1.270 0.000 0.069 -0.000 -0.000 1.285 0.051 // 9 PM
1.298 0.000 0.000 0.079 -0.000 1.293 0.000 0.069 -0.000 -0.000 1.303 0.054  // 10 PM
1.308 0.000 0.000 0.080 -0.000 1.316 0.000 0.070 -0.000 -0.000 1.321 0.056  // 11 PM

// WEATHER_UNDERWATER
1.548 0.000 0.000 -0.020 0.000 1.617 0.000 0.018 0.000 0.000 1.604 0.012 // 12 AM
1.527 0.000 0.000 -0.019 0.000 1.598 0.000 0.019 0.000 0.000 1.585 0.013  // 1 AM
1.507 0.000 0.000 -0.017 0.000 1.578 0.000 0.020 0.000 0.000 1.565 0.014  // 2 AM
1.486 0.000 0.000 -0.016 0.000 1.559 0.000 0.021 0.000 0.000 1.546 0.015 // 3 AM
1.438 0.000 0.000 -0.013 0.000 1.513 0.000 0.023 0.000 0.000 1.500 0.017  // 4 AM
1.389 0.000 0.000 -0.010 0.000 1.468 0.000 0.026 0.000 0.000 1.455 0.020  // 5 AM
1.341 0.000 0.000 -0.007 0.000 1.422 0.000 0.028 0.000 0.000 1.409 0.022 // 6 AM
1.384 0.000 0.000 -0.009 0.000 1.461 0.000 0.026 0.000 0.000 1.454 0.019  // 7 AM
1.427 0.000 0.000 -0.011 0.000 1.500 0.000 0.024 0.000 0.000 1.499 0.017  // 8 AM
1.470 0.000 0.000 -0.013 0.000 1.539 0.000 0.022 0.000 0.000 1.544 0.014 // 9 AM
1.534 0.000 0.000 -0.016 0.000 1.597 0.000 0.019 0.000 0.000 1.611 0.010  // 10 AM
1.599 0.000 0.000 -0.018 0.000 1.655 0.000 0.017 0.000 0.000 1.678 0.007  // 11 AM
1.663 0.000 0.000 -0.021 0.000 1.713 0.000 0.014 0.000 0.000 1.745 0.003 // 12 PM
1.637 0.000 0.000 -0.023 0.000 1.675 0.000 0.014 0.000 0.000 1.706 0.001  // 1 PM
1.610 0.000 0.000 -0.024 0.000 1.636 0.000 0.014 0.000 0.000 1.668 -0.001  // 2 PM
1.584 0.000 0.000 -0.026 -0.000 1.598 0.000 0.014 0.000 0.000 1.629 -0.003 // 3 PM
1.545 0.000 0.000 -0.029 -0.000 1.541 0.000 0.014 0.000 0.000 1.571 -0.006  // 4 PM
1.505 0.001 0.001 -0.031 -0.000 1.483 0.000 0.015 0.000 0.000 1.512 -0.009  // 5 PM
1.466 0.001 0.001 -0.034 -0.000 1.426 0.000 0.015 0.000 0.000 1.454 -0.012 // 6 PM
1.485 0.001 0.001 -0.031 -0.000 1.471 0.000 0.016 0.000 0.000 1.489 -0.006  // 7 PM
1.504 0.000 0.000 -0.027 -0.000 1.515 0.000 0.016 0.000 0.000 1.524 -0.001  // 8 PM
1.523 0.000 0.000 -0.024 -0.000 1.560 0.000 0.017 0.000 0.000 1.559 0.005 // 9 PM
1.531 0.000 0.000 -0.023 0.000 1.579 0.000 0.017 0.000 0.000 1.574 0.007  // 10 PM
1.540 0.000 0.000 -0.021 0.000 1.598 0.000 0.018 0.000 0.000 1.589 0.010  // 11 PM

// WEATHER_EXTRACOLOURS_1
1.801 0.000 0.000 0.009 0.000 1.801 0.000 0.009 0.000 0.000 1.919 -0.017 // 12 AM
1.785 0.000 0.000 0.010 0.000 1.786 0.000 0.010 0.000 0.000 1.904 -0.016  // 1 AM
1.770 0.000 0.000 0.011 0.000 1.772 0.000 0.010 0.000 0.000 1.890 -0.016  // 2 AM
1.754 0.000 0.000 0.012 0.000 1.757 0.000 0.011 0.000 0.000 1.875 -0.015 // 3 AM
1.718 0.000 0.000 0.014 0.000 1.723 0.000 0.013 0.000 0.000 1.841 -0.013  // 4 AM
1.682 0.000 0.000 0.017 0.000 1.689 0.000 0.014 0.000 0.000 1.807 -0.011  // 5 AM
1.646 0.000 0.000 0.019 0.000 1.655 0.000 0.016 0.000 0.000 1.773 -0.009 // 6 AM
1.678 0.000 0.000 0.017 0.000 1.684 0.000 0.015 0.000 0.000 1.807 -0.011  // 7 AM
1.711 0.000 0.000 0.016 0.000 1.713 0.000 0.013 0.000 0.000 1.840 -0.013  // 8 AM
1.743 0.000 0.000 0.014 0.000 1.742 0.000 0.012 0.000 0.000 1.874 -0.015 // 9 AM
1.791 0.000 0.000 0.012 0.000 1.786 0.000 0.010 0.000 0.000 1.924 -0.018  // 10 AM
1.840 0.000 0.000 0.010 0.000 1.829 0.000 0.008 0.000 0.000 1.975 -0.021  // 11 AM
1.888 0.000 0.000 0.008 0.000 1.873 0.000 0.006 0.000 0.000 2.025 -0.024 // 12 PM
1.868 0.000 0.000 0.007 0.000 1.844 0.000 0.006 0.000 0.000 1.996 -0.025  // 1 PM
1.848 0.000 0.000 0.005 0.000 1.816 0.000 0.006 0.000 0.000 1.967 -0.027  // 2 PM
1.828 0.000 0.000 0.004 -0.000 1.787 0.000 0.006 0.000 0.000 1.938 -0.028 // 3 PM
1.798 0.000 0.000 0.002 -0.000 1.744 0.000 0.006 0.000 0.000 1.894 -0.030  // 4 PM
1.769 0.000 0.000 0.000 -0.000 1.700 0.000 0.007 0.000 0.000 1.851 -0.033  // 5 PM
1.739 0.000 0.000 -0.002 -0.000 1.657 0.000 0.007 0.000 0.000 1.807 -0.035 // 6 PM
1.753 0.000 0.000 0.001 -0.000 1.691 0.000 0.007 0.000 0.000 1.833 -0.031  // 7 PM
1.768 0.000 0.000 0.003 -0.000 1.724 0.000 0.008 0.000 0.000 1.859 -0.026  // 8 PM
1.782 0.000 0.000 0.006 -0.000 1.758 0.000 0.008 0.000 0.000 1.885 -0.022 // 9 PM
1.788 0.000 0.000 0.007 0.000 1.772 0.000 0.008 0.000 0.000 1.896 -0.020  // 10 PM
1.795 0.000 0.000 0.008 0.000 1.787 0.000 0.009 0.000 0.000 1.908 -0.019  // 11 PM

// WEATHER_EXTRACOLOURS_2
1.801 0.000 0.000 0.009 0.000 1.801 0.000 0.009 0.000 0.000 1.919 -0.017 // 12 AM
1.785 0.000 0.000 0.010 0.000 1.786 0.000 0.010 0.000 0.000 1.904 -0.016  // 1 AM
1.770 0.000 0.000 0.011 0.000 1.772 0.000 0.010 0.000 0.000 1.890 -0.016  // 2 AM
1.754 0.000 0.000 0.012 0.000 1.757 0.000 0.011 0.000 0.000 1.875 -0.015 // 3 AM
1.718 0.000 0.000 0.014 0.000 1.723 0.000 0.013 0.000 0.000 1.841 -0.013  // 4 AM
1.682 0.000 0.000 0.017 0.000 1.689 0.000 0.014 0.000 0.000 1.807 -0.011  // 5 AM
1.646 0.000 0.000 0.019 0.000 1.655 0.000 0.016 0.000 0.000 1.773 -0.009 // 6 AM
1.678 0.000 0.000 0.017 0.000 1.684 0.000 0.015 0.000 0.000 1.807 -0.011  // 7 AM
1.711 0.000 0.000 0.016 0.000 1.713 0.000 0.013 0.000 0.000 1.840 -0.013  // 8 AM
1.743 0.000 0.000 0.014 0.000 1.742 0.000 0.012 0.000 0.000 1.874 -0.015 // 9 AM
1.791 0.000 0.000 0.012 0.000 1.786 0.000 0.010 0.000 0.000 1.924 -0.018  // 10 AM
1.840 0.000 0.000 0.010 0.000 1.829 0.000 0.008 0.000 0.000 1.975 -0.021  // 11 AM
1.888 0.000 0.000 0.008 0.000 1.873 0.000 0.006 0.000 0.000 2.025 -0.024 // 12 PM
1.868 0.000 0.000 0.007 0.000 1.844 0.000 0.006 0.000 0.000 1.996 -0.025  // 1 PM
1.848 0.000 0.000 0.005 0.000 1.816 0.000 0.006 0.000 0.000 1.967 -0.027  // 2 PM
1.828 0.000 0.000 0.004 -0.000 1.787 0.000 0.006 0.000 0.000 1.938 -0.028 // 3 PM
1.798 0.000 0.000 0.002 -0.000 1.744 0.000 0.006 0.000 0.000 1.894 -0.030  // 4 PM
1.769 0.000 0.000 0.000 -0.000 1.700 0.000 0.007 0.000 0.000 1.851 -0.033  // 5 PM
1.739 0.000 0.000 -0.002 -0.000 1.657 0.000 0.007 0.000 0.000 1.807 -0.035 // 6 PM
1.753 0.000 0.000 0.001 -0.000 1.691 0.000 0.007 0.000 0.000 1.833 -0.031  // 7 PM
1.768 0.000 0.000 0.003 -0.000 1.724 0.000 0.008 0.000 0.000 1.859 -0.026  // 8 PM
1.782 0.000 0.000 0.006 -0.000 1.758 0.000 0.008 0.000 0.000 1.885 -0.022 // 9 PM
1.788 0.000 0.000 0.007 0.000 1.772 0.000 0.008 0.000 0.000 1.896 -0.020  // 10 PM
1.795 0.000 0.000 0.008 0.000 1.787 0.000 0.009 0.000 0.000 1.908 -0.019  // 11 PM